Desired profile for partner HebeR
0 0.8 0.8
1 1.0 1.0
2 0.7 0.2
3 0.8 0.8
4 0.6 0.6
5 0.5 0.5
6 0.5 0.5
7 0.8 0.8
8 0.8 0.9
9 0.5 0.5
10 0.5 0.5
11 0.8 0.8
12 0.5 0.7
13 0.8 0.8
14 0.8 0.9
15 0.7 0.8
16 1.0 0.9
17 0.9 0.9
18 0.5 0.5
19 0.6 0.5
20 0.5 0.5
21 0.5 0.5
22 0.5 0.5
23 0.5 0.5
24 0.7 0.8
25 0.8 0.8
26 1.0 0.8
27 0.9 0.9
28 0.5 0.5
29 0.5 0.5
30 0.9 0.9
31 0.5 0.5
32 1.0 0.9
33 0.7 0.7
34 1.0 1.0
35 0.5 0.5
36 0.8 0.8
37 0.8 0.8
38 0.5 0.5
39 1.0 1.0
40 0.5 0.5
41 0.8 0.7
42 0.7 0.7
43 0.7 0.8
44 0.5 0.5
45 0.5 0.3
46 0.5 0.5
47 0.5 0.5
48 0.9 0.8
49 0.8 0.4
50 0.7 0.8
51 0.9 0.9
52 0.7 0.7
53 0.5 0.5
54 1.0 1.0
55 0.9 0.9
56 0.5 0.5
57 0.5 0.5
58 0.8 0.8
59 0.8 0.7
60 1.0 0.8
61 1.0 1.0
62 0.7 0.7
63 1.0 0.8
64 0.5 0.5
65 0.6 0.7
66 0.9 0.9
67 0.7 0.3
68 1.0 0.9
69 1.0 0.9
70 1.0 0.9
71 1.0 0.9
72 0.8 0.8
73 1.0 0.8
74 1.0 0.8
75 1.0 0.8
76 0.9 0.8
77 0.7 0.8
78 0.7 0.7
79 0.9 0.8
80 0.6 0.7
81 0.5 0.5
82 0.7 0.8
83 0.5 0.5
84 0.7 0.8
85 0.8 0.8
86 0.6 0.8
87 0.5 0.5
88 0.5 0.5
89 0.5 0.5
90 0.7 0.8
91 0.9 0.8
92 0.7 0.7
93 0.8 0.8
94 0.5 0.5
95 0.8 0.8
96 0.9 0.9
